PCS帧：

Request:
    01 03 04 06 00 5B E5 00 
Respond:
    01 03 BB 00 00 00 00 00 00 00 
    00 00 00 00 00 00 00 00 00 00 
    00 00 00 00 00 00 00 00 00 00 
    00 00 00 00 00 00 00 00 00 00 
    00 00 00 00 00 00 00 00 00 00 
    00 00 00 00 00 00 00 00 00 00 
    00 00 00 00 00 00 00 00 00 00 
    00 00 00 00 00 00 00 00 00 00 
    00 00 00 00 00 00 00 00 00 00 
    00 00 00 00 00 00 00 00 00 00 
    00 00 00 00 00 00 00 00 00 00 
    00 00 00 00 00 00 00 00 00 00 
    00 00 00 00 00 00 00 00 00 00 
    00 00 00 00 00 00 00 00 00 00 
    00 00 00 00 00 00 00 00 00 00 
    00 00 00 00 00 00 00 00 00 00 
    00 00 00 00 00 00 00 00 00 00 
    00 00 00 00 00 00 00 00 00 00 
    00 00 00 00 00 C8 F5 

Request:
    01 03 04 74 00 5D C5 19 
Respond:
    01 03 BB 00 00 00 00 00 00 00 
    00 00 00 00 00 00 00 00 00 00 
    00 00 00 00 00 00 00 00 00 00 
    00 00 00 00 00 00 00 00 00 00 
    00 00 00 00 00 00 00 00 00 00 
    00 00 00 00 00 00 00 00 00 00 
    00 00 00 00 00 00 00 00 00 00 
    00 00 00 00 00 00 00 00 00 00 
    00 00 00 00 00 00 00 00 00 00 
    00 00 00 00 00 00 00 00 00 00 
    00 00 00 00 00 00 00 00 00 00 
    00 00 00 00 00 00 00 00 00 00 
    00 00 00 00 00 00 00 00 00 00 
    00 00 00 00 00 00 00 00 00 00 
    00 00 00 00 00 00 00 00 00 00 
    00 00 00 00 00 00 00 00 00 00 
    00 00 00 00 00 00 00 00 00 00 
    00 00 00 00 00 00 00 00 00 00 
    00 00 00 00 00 00 00 00 00 2E 52 

BAU:
并机状态：
Request:
    01 03 02 00 00 42 C4 43 
Respond:
    01 03 84 00 01 00 00 00 08 00 00 00 00 00 00 00 00 00 00 00 00 00 00 00 00 00 16 00 00 00 16 00 00 00 0B 00 08 33 00 00 00 00 00 00 00 00 00 00 26 00 24 00 24 00 03 00 01 00 00 00 00 00 00 00 00 00 00 00 00 00 00 00 00 00 00 00 01 00 01 0C D2 0C 81 01 8B 01 8C 00 51 00 51 00 01 00 0C 00 03 0B BF 0B B3 02 42 0B 82 00 0C 00 0A 00 01 00 08 00 02 18 61 18 61 00 01 00 01 00 00 0B BE 0B BD 00 02 00 01 00 03 A9 A5

BAU状态：
Request:
    01 03 03 00 00 51 84 72
Respond:
    01 03 A2 00 00 00 03 00 08 00 00 00 00 00 00 00 00 00 00 00 00 00 00 00 00 00 00 00 00 00 00 00 00 00 00 00 00 00 00 00 00 00 00 00 00 00 00 18 60 18 7F 18 5D 00 00 00 00 00 24 00 64 00 00 04 55 00 00 0B B8 00 00 0B B8 00 06 00 24 00 24 00 08 44 D8 00 00 24 D2 FF FF 05 D3 01 8B 0C D0 01 8C 0C 82 02 42 0B BF 0B 82 0B B3 00 01 59 BB 00 01 10 1E 00 00 00 00 00 00 00 00 00 00 00 00 00 00 00 00 00 00 00 00 00 03 02 76 1B 60 02 76 15 00 00 00 16 27 00 00 0D 01 00 03 00 03 00 0C 00 10 00 07 00 01 DA B1

BCU状态：
Request:
    01 04 03 00 00 4B B0 79
Respond:
    01 04 96 00 01 00 00 00 08 00 00 00 00 00 00 00 00 00 00 00 00 00 00 00 00 00 16 00 00 00 16 00 00 00 0B 00 08 33 00 00 00 00 00 00 00 00 00 18 61 18 AD 18 45 00 00 00 00 00 1C 00 64 00 00 04 44 00 00 0B B8 00 00 0B B8 00 07 00 0C 00 0C 00 0F BF 5B 00 00 24 D2 FF FF 05 D3 01 8D 0C D2 01 8C 0C 81 02 42 0B BF 01 43 0B B5 00 00 73 99 00 00 5A B4 0B BD 0B BF 0B C3 0B C0 0B BE 00 00 00 00 00 00 00 00 00 00 00 01 00 D2 1B 60 00 D2 15 00 00 00 07 74 00 00 04 44 99 38 
BCU状态：
Request:
    01 04 04 00 00 4B B1 0D
    01 04 05 00 00 4B B0 F1
    01 04 06 00 00 4B B0 B5
    01 04 07 00 00 4B B1 49
    01 04 08 00 00 4B B2 5D
    01 04 09 00 00 4B B3 A1
    01 04 0A 00 00 4B B3 E5
    01 04 0B 00 00 4B B2 19
    01 04 0C 00 00 4B B3 6D
    01 04 0D 00 00 4B B2 91